BTC-USDT-SWAP=2023-03-05 16:45:00#22382.114161
GMX-USDT-SWAP=2023-02-22 10:00:00#76.28
CFX-USDT-SWAP=2023-03-14 00:30:00#0.226742
